10,196
10,14
10,172
10,294
10,224
10,226
10,286
10,2
10,3
11,22
9,7
9,6
8,16
8,12
8,8
45,3
45,2
45,1
45,0
44,3
44,2
44,1
44,0
43,4
43,3
43,2
43,1
43,0
42,3
42,2
42,1
42,0
41,4
41,1
40,4
40,3
40,1
35,3
35,1
20,3
20,2
20,1
19,3
19,2
19,1
12,3
12,2
12,1
11,30
11,29
11,28
11,27
11,26
11,25
11,24
11,23
11,21
11,20
11,17
11,16
18,1
11,14
18,3
11,13
11,12
11,11
11,10
11,9
11,8
11,7
14,1
11,6
14,3
11,5
13,1
11,4
13,3
11,3
11,2
11,1
10,312
10,310
10,302
10,292
10,288
10,285
10,270
10,262
10,259
10,254
10,252
10,250
10,228
10,214
